1 0 0 0 -0.674873122069081 -0.674873122069081 0
1 0 0 0 -0.337436561034541 -0.674873122069081 0
1 0 0 0 0 -0.674873122069081 0
1 0 0 0 0.337436561034541 -0.674873122069081 0
1 0 0 0 0.674873122069081 -0.674873122069081 0
1 0 0 0 -0.674873122069081 -0.337436561034541 0
1 0 0 0 -0.337436561034541 -0.337436561034541 0
1 0 0 0 0 -0.337436561034541 0
1 0 0 0 0.337436561034541 -0.337436561034541 0
1 0 0 0 0.674873122069081 -0.337436561034541 0
1 0 0 0 -0.674873122069081 0 0
1 0 0 0 -0.337436561034541 0 0
1 0 0 0 0 0 0
1 0 0 0 0.337436561034541 0 0
1 0 0 0 0.674873122069081 0 0
1 0 0 0 -0.674873122069081 0.337436561034541 0
1 0 0 0 -0.337436561034541 0.337436561034541 0
1 0 0 0 0 0.337436561034541 0
1 0 0 0 0.337436561034541 0.337436561034541 0
1 0 0 0 0.674873122069081 0.337436561034541 0
1 0 0 0 -0.674873122069081 0.674873122069081 0
1 0 0 0 -0.337436561034541 0.674873122069081 0
1 0 0 0 0 0.674873122069081 0
1 0 0 0 0.337436561034541 0.674873122069081 0
1 0 0 0 0.674873122069081 0.674873122069081 0
